#    0.000   0.000   0.000 ;Mean Elev.(m), Avg Gradient(m/km), RMS Gradient(m/km) - SRTM1     
#    0.000   0.000   0.000 ;Mean Elev.(m), Avg Gradient(m/km), RMS Gradient(m/km) - ASTER GDEM
#  136.063  -1.630   4.762 ;Mean Elev.(m), Avg Gradient(m/km), RMS Gradient(m/km) - GMTED2010 
   2 310.808738  -7.059669   130.724   130.715 16 54673.87218926 51.054
   3 310.809888  -7.065932   194.374   198.382  6 54683.78783382 11.705
   4 310.808962  -7.059428   130.711   130.605 16 54693.70347448 44.719
   5 310.812649  -7.059922   190.826   190.238  7 54703.61911466  6.400
   6 310.810537  -7.055033   130.350   130.134 13 54713.53476371 33.558
   7 310.809631  -7.058848   173.430   178.109 15 54723.45041539 21.871
   8 310.807847  -7.065567   130.164   130.136 16 54733.36606506 38.320
   9 310.808588  -7.077950   130.285   130.216 14 54743.28171445 43.355
  10 310.808398  -7.080741   130.346   130.351 14 54753.19736128 48.183
  11 310.808630  -7.078424   130.280   130.249 14 54763.11300654 48.986
  12 310.807179  -7.068822   130.369   130.349 15 54773.02864761 55.493
  13 310.807470  -7.065461   130.529   130.520 16 54782.94428739 52.941
  14 310.807871  -7.063464   130.585   130.576 17 54792.85992540 42.664
  17 310.809900  -7.057436   156.360   158.993 14 54822.60684318 19.791
  18 310.808442  -7.060232   133.019   132.990 15 54832.52248467 55.326
  19 310.808001  -7.068250   133.246   133.246 16 54842.43813705 53.276
  20 310.807819  -7.077073   133.471   133.477 12 54852.35378819 55.689
  21 310.807479  -7.082435   133.570   133.598 14 54862.26943804 28.202
  22 310.807330  -7.084331   134.234   134.210 14 54872.18508691 49.394
  23 310.807684  -7.082799   134.679   134.680 13 54882.10073312 55.697
  24 310.809004  -7.082182   135.044   135.069 14 54892.01637621 54.799
  25 310.808908  -7.081377   135.336   135.316 14 54901.93201636 53.869
  26 310.808480  -7.082143   135.329   135.268 14 54911.84765544 28.849
  27 310.808129  -7.081670   135.195   135.169 14 54921.76329345 34.426
  28 310.808370  -7.076428   136.509   134.908 15 54931.67893007 26.535
  29 310.807703  -7.062512   135.356   135.333 16 54941.59456334 52.788
  30 310.810441  -7.057382   135.845   135.809 14 54951.51019697 32.290
  31 310.810235  -7.055573   136.617   136.609 11 54961.42583830 56.701
  32 310.808878  -7.059312   136.588   136.576 15 54971.34148759 53.351
  33 310.808120  -7.061886   136.726   135.619 17 54981.25713522 28.412
  34 310.807779  -7.062877   153.243   156.962 16 54991.17278206 48.597
  35 310.807936  -7.065234   132.911   132.888 16 55001.08842876 54.230
  36 310.807572  -7.066381   132.150   132.164 16 55011.00407337 54.356
  37 310.806382  -7.063961   131.746   131.721 13 55020.91971575 54.287
  38 310.807708  -7.068388   131.327   131.309 16 55030.83535887 51.555
  39 310.807504  -7.067133   131.536   130.934 16 55040.75100024 35.468
  40 310.807931  -7.061856   130.875   130.891 17 55050.66663965 40.850
  41 310.809216  -7.057129   130.737   130.617 15 55060.58227717 34.404
  42 310.809895  -7.056858   130.633   130.469 15 55070.49791881 41.918
  43 310.808107  -7.059778   130.373   130.354 16 55080.41356860 47.041
  44 310.805626  -7.062340   130.521   130.530 12 55090.32921622 55.983
  45 310.808634  -7.077463   130.694   130.670 14 55100.24486571 37.060
  46 310.808384  -7.078155   130.671   130.624 13 55110.16051133 53.553
  47 310.806922  -7.069872   130.864   130.869 13 55120.07615332 54.511
  48 310.807777  -7.067140   131.359   130.731 16 55129.99179406 31.611
  49 310.807663  -7.064939   131.642   130.893 16 55139.90743296 32.161
  50 310.807527  -7.064167   131.845   131.823 16 55149.82307142 50.716
  51 310.808089  -7.062102   133.472   131.964 16 55159.73870984 24.281
  52 310.809341  -7.059191   133.591   132.412 15 55169.65434797 22.832
  53 310.810635  -7.056072   132.528   132.512 13 55179.56998495 30.313
  54 310.808496  -7.055491   133.094   133.105 12 55189.48563205 56.740
  55 310.807891  -7.065545   198.153   196.688 15 55199.40128511 18.611
  56 310.808282  -7.075300   134.592   134.572 15 55209.31693715 47.666
  57 310.809087  -7.080485   134.934   134.912 14 55219.23258758 55.902
  58 310.808561  -7.079655   136.184   135.276 14 55229.14823557 25.810
  59 310.808670  -7.078755   135.681   135.697 14 55239.06388043 36.590
  60 310.808811  -7.078888   135.794   135.629 14 55248.97952182 29.126
  61 310.808818  -7.080849   135.506   135.501 14 55258.89516142 53.146
  62 310.808719  -7.080573   135.192   135.115 14 55268.81080003 27.608
  63 310.808622  -7.077129   135.372   135.269 15 55278.72643798 38.909
  64 310.807797  -7.066784   135.692   135.680 16 55288.64207329 53.245
  65 310.809159  -7.058982   136.447   136.452 16 55298.55770692 55.253
  66 310.809719  -7.059780   136.156   136.150 15 55308.47335072 55.474
  67 310.808018  -7.061630   134.912   134.883 17 55318.38899732 41.728
  68 310.806376  -7.063130   133.778   133.772 12 55328.30464245 56.185
  69 310.806954  -7.066290   132.553   132.579 15 55338.22028721 55.381
  70 310.807611  -7.065463   134.171   132.464 16 55348.13593062 25.912
  71 310.807898  -7.063150   131.617   131.608 17 55358.05157187 53.459
  72 310.807980  -7.062926   131.263   131.261 17 55367.96721143 55.139
  73 310.807639  -7.061420   130.976   130.971 16 55377.88284936 52.636
  74 310.808437  -7.060320   130.742   130.756 16 55387.79848692 49.340
  75 310.810012  -7.057486   130.741   130.640 14 55397.71412349 37.917
  76 310.810764  -7.054571   130.363   130.367 13 55407.62976695 32.821
  77 310.809670  -7.056804   130.436   130.417 14 55417.54541849 51.812
  78 310.807997  -7.060225   130.414   130.385 16 55427.46106683 50.737
  79 310.807577  -7.066849   130.239   130.217 16 55437.37671302 55.569
  80 310.807789  -7.071966   130.272   130.257 15 55447.29235740 54.230
  81 310.806255  -7.067304   130.221   130.228 12 55457.20799907 54.988
  82 310.808042  -7.067605   130.112   130.130 16 55467.12364128 55.090
  83 310.808154  -7.060126   130.075   130.029 16 55477.03927851 50.671
  84 310.809785  -7.057554   129.978   129.984 15 55486.95491376 39.033
  85 310.810504  -7.055482   130.332   130.320 13 55496.87054706 37.304
  86 310.810594  -7.055001   130.389   130.191 14 55506.78618335 32.592
  87 310.808798  -7.058037   130.705   130.463 15 55516.70183471 36.112
  88 310.808360  -7.059693   131.070   131.068 16 55526.61748514 53.482
  89 310.808006  -7.061472   131.477   131.424 17 55536.53313363 49.951
  90 310.807808  -7.065589   133.672   131.997 16 55546.44878041 30.351
  91 310.807089  -7.069828   132.045   132.068 14 55556.36442518 55.357
  92 310.808334  -7.076035   132.471   132.479 14 55566.28006940 55.329
  93 310.807709  -7.069680   133.297   133.267 16 55576.19571001 54.716
  94 310.807561  -7.061252   133.919   133.874 17 55586.11134831 53.922
  95 310.809593  -7.058253   134.384   134.350 15 55596.02698464 45.372
  96 310.810701  -7.056563   135.164   135.170 13 55605.94261805 56.459
  97 310.811127  -7.054395   135.951   135.928 13 55615.85824951 53.976
  98 310.810848  -7.056035   136.748   136.777 14 55625.77389174 54.896
  99 310.809071  -7.057889   136.660   136.364 15 55635.68954453 28.624
 100 310.808831  -7.059987   136.492   136.464 16 55645.60519545 53.295
 101 310.808075  -7.059784   137.055   136.383 16 55655.52084308 29.858
 102 310.807835  -7.061081   137.692   137.025 17 55665.43648645 31.237
 103 310.807906  -7.063745   137.551   137.534 16 55675.35212685 55.505
 104 310.807888  -7.063498   137.801   137.157 16 55685.26776460 30.328
 105 310.808537  -7.059537   136.674   136.658 16 55695.18340027 55.912
 106 310.808946  -7.049759   135.065   135.046  9 55705.09903333 57.334
 107 310.809382  -7.051271   133.229   133.220 10 55715.01468072 57.157
 108 310.809328  -7.058528   132.235   132.227 14 55724.93033057 49.518
 109 310.807635  -7.061891   131.838   131.810 17 55734.84597778 51.750
 110 310.807882  -7.067444   131.463   131.446 16 55744.76162455 32.598
 111 310.807991  -7.067408   131.143   131.115 16 55754.67726878 40.102
 112 310.808259  -7.061817   130.928   130.912 16 55764.59290964 43.029
 113 310.809105  -7.057842   130.755   130.743 15 55774.50854812 51.818
 114 310.810061  -7.057717   130.618   130.594 15 55784.42418409 44.930
 115 310.810571  -7.056583   130.483   130.482 14 55794.33981725 53.734
 116 310.810887  -7.054512   130.327   130.354 13 55804.25545373 40.532
 117 310.810409  -7.056230   130.250   130.220 14 55814.17110308 54.874
 118 310.810905  -7.056535   130.206   130.188 14 55824.08675003 55.392
 119 310.811086  -7.054543   130.036   130.019 13 55834.00239182 57.199
 120 310.811557  -7.054096   130.147   130.127 13 55843.91803010 55.842
 121 310.811867  -7.053392   130.352   130.334 13 55853.83366564 57.079
 122 310.812003  -7.053339   131.307   131.319 12 55863.74930323 35.470
 123 310.809496  -7.057143   131.182   131.010 15 55873.66495797 33.580
 133 310.807829  -7.062552   136.871   136.831 17 55972.82139726 53.207
 134 310.808868  -7.060714   137.166   136.799 16 55982.73703354 29.567
 135 310.811052  -7.055383   136.448   136.454 14 55992.65266757 27.302
 136 310.810491  -7.055461   136.361   136.330 14 56002.56831652 56.778
 137 310.809592  -7.059758   136.886   136.196 15 56012.48396748 27.083
 139 310.807372  -7.066901   135.713   135.247 16 56032.31525859 46.215
 141 310.807967  -7.063029   133.896   133.876 17 56052.14653720 55.459
 142 310.809638  -7.057892   132.850   132.851 14 56062.06217163 55.673
 143 310.811395  -7.056689   132.410   132.409 13 56071.97781057 57.497
 144 310.809209  -7.059281   132.147   132.133 15 56081.89346085 50.431
 145 310.807696  -7.062058   131.795   131.758 16 56091.80910889 55.256
 146 310.808050  -7.065464   131.706   131.371 16 56101.72475508 36.802
 147 310.807793  -7.063298   130.971   130.919 16 56111.64038597 33.078
 148 310.808780  -7.060197   130.832   130.805 15 56121.55602490 36.301
 149 310.810513  -7.056803   130.557   130.551 14 56131.47166011 54.908
 150 310.811144  -7.053961   130.435   130.427 13 56141.38729485 55.583
 151 310.809383  -7.059635   130.375   130.358 15 56151.30294648 48.240
 152 310.808009  -7.061146   130.393   130.396 16 56161.21859532 51.427
 153 310.808376  -7.061791   130.311   130.278 16 56171.13424228 51.853
 154 310.808777  -7.059060   130.173   130.192 16 56181.04988427 49.446
 155 310.809423  -7.058110   130.067   130.088 15 56190.96552280 43.497
 156 310.809674  -7.057496   130.141   130.170 15 56200.88115875 45.525
 157 310.810669  -7.055611   129.962   129.931 14 56210.79679260 34.968
 158 310.811749  -7.049684   130.075   130.076 11 56220.71242403 30.070
 159 310.811660  -7.054692   130.125   130.142 13 56230.62807657 32.821
 160 310.809840  -7.056706   144.735   145.623 15 56240.54373037 26.962
 161 310.808639  -7.060243   130.705   130.717 15 56250.45938053 52.171
 162 310.807855  -7.061216   131.545   131.526 17 56260.37502531 53.100
 163 310.807984  -7.061687   132.196   132.169 16 56270.29066739 55.292
 164 310.808369  -7.059950   132.530   132.538 16 56280.20630711 55.227
 165 310.807726  -7.063405   132.069   132.060 16 56290.12195925 53.151
 166 310.808403  -7.068065   131.790   131.763 14 56300.03760821 53.489
 167 310.807735  -7.067642   132.578   132.550 16 56309.95325197 55.084
 168 310.807543  -7.067933   133.526   133.538 15 56319.86889386 50.807
 169 310.807966  -7.068994   142.905   143.733 16 56329.78453542 19.559
 170 310.808001  -7.064787   136.657   135.728 16 56339.70017531 25.844
 171 310.809049  -7.058788   135.636   135.588 16 56349.61581286 56.347
 172 310.810635  -7.055069   135.882   135.878 13 56359.53144927 54.405
 173 310.808493  -7.059979   135.879   135.856 16 56369.44710092 54.649
 175 310.808607  -7.077120   136.287   136.326 14 56389.27839742 53.042
 176 310.807918  -7.072198   135.806   135.825 16 56399.19403939 54.796
 177 310.807527  -7.063910   136.120   136.116 16 56409.10967798 54.122
 178 310.809020  -7.058930   135.847   135.803 15 56419.02531292 56.166
 179 310.810796  -7.055668   135.334   135.295 13 56428.94094590 56.158
 180 310.807936  -7.061282   149.726   146.195 16 56438.85660007 15.579
 181 310.807481  -7.068776   132.725   132.694 16 56448.77225252 45.859
 182 310.807837  -7.071701   134.007   132.131 15 56458.68790213 28.774
 183 310.807555  -7.070184   134.872   135.561 15 56468.60354759 24.210
 184 310.807957  -7.068895   131.451   131.457 16 56478.51918912 56.075
 185 310.807901  -7.064969   131.156   131.181 16 56488.43482615 53.223
 187 310.810183  -7.056598   130.628   130.652 15 56508.26609327 52.421
 188 310.811302  -7.051481   130.490   130.492 11 56518.18173047 55.720
 189 310.810953  -7.055810   130.377   130.378 13 56528.09738482 56.074
 190 310.809903  -7.056770   130.243   130.236 15 56538.01303420 52.704
 191 310.808741  -7.059721   130.528   130.341 16 56547.92868003 43.138
 192 310.807536  -7.063432   130.639   130.221 16 56557.84432369 38.238
 193 310.807572  -7.065496   130.510   130.092 16 56567.75996657 36.243
 194 310.808010  -7.062168   130.604   130.181 17 56577.67560735 41.209
 195 310.810407  -7.057611   130.341   130.352 14 56587.59124463 52.537
 196 310.811273  -7.054830   193.577   193.915 13 56597.50688593 30.248
 197 310.808704  -7.058857   130.800   130.797 15 56607.42253860 50.646
 198 310.807939  -7.065051   131.262   131.264 16 56617.33818674 55.051
 199 310.807411  -7.065096   131.477   131.459 16 56627.25383006 55.415
 200 310.808087  -7.061719   131.544   131.515 16 56637.16946981 55.180
 201 310.809360  -7.057972   194.747   194.471 15 56647.08511061 24.545
 202 310.808110  -7.060913   134.084   134.075 16 56657.00076299 55.473
 203 310.807718  -7.065969   136.638   136.138 16 56666.91641164 23.871
 205 310.807881  -7.071067   135.194   135.160 16 56686.74770259 51.140
 206 310.807609  -7.065517   135.259   135.274 16 56696.66334405 46.991
 207 310.809125  -7.059724   135.829   135.811 15 56706.57898107 56.036
 208 310.810688  -7.055382   136.262   136.270 13 56716.49461504 31.488
 209 310.807850  -7.062626   143.156   136.973 16 56726.41027002 29.880
 211 310.807997  -7.080363   137.116   137.097 14 56746.24156878 54.681
 212 310.807844  -7.072826   136.997   136.980 15 56756.15720841 54.000
 213 310.808529  -7.059913   136.666   136.635 16 56766.07284119 55.653
 214 310.809647  -7.057524   136.232   136.200 14 56775.98848095 56.619
 215 310.808117  -7.067893   137.063   136.365 16 56785.90413906 27.157
 216 310.808374  -7.082613   135.026   135.023 14 56795.81979484 55.098
 217 310.806948  -7.085390   133.812   133.806 14 56805.73544387 55.407
 219 310.808066  -7.073163   132.139   132.026 16 56825.56672229 41.971
 220 310.807629  -7.061916   153.662   156.311 16 56835.48235499 47.361
 221 310.809460  -7.057354   131.230   131.220 15 56845.39798581 52.400
 222 310.808703  -7.059727   130.998   130.975 16 56855.31363261 53.870
 223 310.808041  -7.065591   130.864   130.909 16 56865.22928680 53.243
 224 310.807816  -7.069054   130.677   130.650 16 56875.14493955 46.585
 225 310.807894  -7.071282   130.609   130.614 16 56885.06058893 54.720
 226 310.808258  -7.073853   130.572   130.512 15 56894.97623541 53.881
 227 310.808715  -7.078787   130.474   130.449 14 56904.89187934 49.571
 228 310.808471  -7.081978   130.469   130.452 14 56914.80752109 39.064
 229 310.808563  -7.079544   130.327   130.301 14 56924.72316019 35.588
 230 310.807356  -7.065704   130.250   130.226 16 56934.63879426 40.045
 231 310.809914  -7.055587   130.437   130.255 14 56944.55442425 32.573
 232 310.809851  -7.057034   130.264   130.221 14 56954.47007398 45.507
 233 310.808152  -7.061779   130.470   130.437 16 56964.38572503 54.167
 234 310.807572  -7.067371   130.885   130.875 16 56974.30137142 51.281
 235 310.807724  -7.067173   131.022   131.037 15 56984.21701214 56.055
 236 310.808993  -7.059757   131.009   130.956 16 56994.13264630 48.820
 237 310.810837  -7.053996   193.688   193.516 13 57004.04828369 27.504
 238 310.809444  -7.059287   132.780   132.774 15 57013.96394050 55.521
 239 310.807887  -7.063802   133.383   133.104 16 57023.87959235 35.258
 240 310.807865  -7.070066   137.697   137.597 15 57033.79524256 21.874
 241 310.807723  -7.070548   133.745   133.715 16 57043.71088940 51.307
 242 310.807543  -7.066772   137.278   137.103 16 57053.62653291 25.749
 243 310.803217  -7.048631   195.332   195.576  7 57063.54216855 23.322
 244 310.809062  -7.058318   132.867   132.889 15 57073.45780568 48.185
 245 310.810652  -7.055029   133.610   133.601 13 57083.37343590 56.780
 246 310.809176  -7.059402   133.918   133.871 15 57093.28908602 55.683
 247 310.807705  -7.067516   134.864   134.869 15 57103.20474431 55.707
 248 310.807463  -7.070579   198.618   199.110 14 57113.12039763 24.313
 249 310.807899  -7.069138   136.260   135.924 16 57123.03604402 28.122
 250 310.807926  -7.066717   135.782   135.725 16 57132.95168472 32.546
