#    0.000   0.000   0.000 ;Mean Elev.(m), Avg Gradient(m/km), RMS Gradient(m/km) - SRTM1     
#    0.000   0.000   0.000 ;Mean Elev.(m), Avg Gradient(m/km), RMS Gradient(m/km) - ASTER GDEM
#   80.185  -3.442   6.438 ;Mean Elev.(m), Avg Gradient(m/km), RMS Gradient(m/km) - GMTED2010 
   2 310.682782  -5.150940    72.040    72.044  9 54673.36181772 52.958
   3 310.682699  -5.148818    73.247    72.718  9 54683.27746118 38.129
   4 310.682997  -5.152865    70.676    70.650  9 54693.19310208 52.953
   5 310.684421  -5.159011    70.068    70.131  7 54703.10874018 46.607
   6 310.683925  -5.159446    71.500    70.869  7 54713.02438908 28.426
   7 310.683727  -5.152588    69.001    69.007  9 54722.94004116 37.038
   8 310.682194  -5.144347    69.168    68.645 10 54732.85569130 32.044
   9 310.680963  -5.137337    68.595    68.543 14 54742.77133999 47.397
  10 310.680543  -5.134964    68.300    68.285 14 54752.68698767 36.342
  11 310.681073  -5.134994    68.897    68.756 14 54762.60263463 33.708
  12 310.681408  -5.137417    71.671    71.311 13 54772.51827853 28.140
  13 310.681403  -5.140082    73.147    74.774 12 54782.43391932 25.285
  14 310.681659  -5.142424    69.064    68.573 11 54792.34955750 41.181
  17 310.683786  -5.152631    72.066    72.095  9 54822.09647183 53.164
  18 310.682640  -5.149826    72.954    72.942 10 54832.01211269 53.167
  19 310.681545  -5.144293    72.791    72.812 11 54841.92776405 50.082
  20 310.680869  -5.137074    72.784    72.724 13 54851.84341475 43.897
  21 310.679882  -5.133757    76.435    76.829 14 54861.75906444 32.085
  22 310.680316  -5.129920    78.052    77.781 13 54871.67471440 29.762
  23 310.680202  -5.131368    74.882    74.748 14 54881.59036150 43.826
  24 310.680170  -5.133861    76.505    76.438 14 54891.50600491 29.001
  25 310.680035  -5.133093    75.655    75.657 14 54901.42164584 50.497
  26 310.680097  -5.130780    77.130    76.869 14 54911.33728504 30.405
  27 310.679793  -5.132646    76.461    76.432 14 54921.25292198 49.953
  28 310.680747  -5.137711    76.995    76.824 13 54931.16855772 31.901
  29 310.681573  -5.148147    77.567    77.552  9 54941.08419094 55.214
  30 310.684158  -5.153281    78.168    78.180  9 54950.99982381 54.471
  31 310.683981  -5.155618    79.431    79.462  8 54960.91546361 39.378
  32 310.683063  -5.151285    78.527    78.610  9 54970.83111297 37.643
  33 310.682788  -5.148004    77.302    77.277  9 54980.74676123 43.901
  34 310.682571  -5.146680    76.185    76.213 10 54990.66240884 32.276
  35 310.681985  -5.145718    75.115    75.122 11 55000.57805610 42.187
  36 310.681764  -5.143633    74.082    74.105 11 55010.49370168 38.679
  37 310.681621  -5.142871    73.531    73.557 11 55020.40934526 43.384
  38 310.681633  -5.142611    72.824    72.848 11 55030.32498739 48.222
  39 310.682225  -5.142457    72.130    72.125 11 55040.24062875 43.372
  40 310.682737  -5.148146    71.355    71.362  9 55050.15626751 51.206
  41 310.684075  -5.152753    70.405    70.438  9 55060.07190447 52.741
  42 310.684100  -5.154771    73.885    74.031  8 55069.98754452 31.898
  43 310.682856  -5.149308    69.606    69.097  9 55079.90319482 36.388
  44 310.681567  -5.142679    72.740    74.787 11 55089.81884378 25.552
  45 310.680702  -5.138019    68.341    68.375 13 55099.73449154 38.929
  46 310.680612  -5.136936    71.189    70.963 14 55109.65013817 30.310
  47 310.681319  -5.138072    71.447    71.827 13 55119.56578296 28.985
  48 310.681586  -5.140147    75.198    75.548 12 55129.48142490 23.859
  49 310.681044  -5.141718    70.295    69.618 12 55139.39706466 36.690
  50 310.681534  -5.141074    70.864    70.870 12 55149.31270350 50.989
  51 310.682116  -5.145096    71.568    71.537 10 55159.22834085 54.145
  52 310.682916  -5.151134    71.400    71.401  9 55169.14397748 50.608
  53 310.683905  -5.156083    72.878    72.884  8 55179.05961332 53.609
  54 310.683906  -5.151845    72.772    72.789  9 55188.97526029 39.433
  55 310.682187  -5.145299    73.933    73.920 10 55198.89091226 46.462
  56 310.681399  -5.138910    75.238    75.234 12 55208.80656368 48.747
  57 310.680885  -5.137254    75.924    76.179 14 55218.72221375 28.214
  58 310.680816  -5.135836    76.337    76.297 14 55228.63786303 28.746
  59 310.680722  -5.135566    76.395    76.303 14 55238.55350889 28.520
  60 310.680580  -5.134605    76.197    76.227 14 55248.46915112 42.255
  61 310.679926  -5.133605    76.776    76.952 15 55258.38479065 29.761
  62 310.679960  -5.133793    76.291    76.284 15 55268.30042886 55.219
  63 310.680509  -5.136853    76.623    76.617 14 55278.21606602 55.588
  64 310.682221  -5.141798    76.953    76.907 11 55288.13170162 54.158
  65 310.683313  -5.151387    78.207    78.245  9 55298.04733388 55.084
  66 310.683766  -5.151416    77.908    77.918  9 55307.96297597 42.844
  67 310.682294  -5.148424    76.199    76.188  9 55317.87862252 31.327
  68 310.681543  -5.144561    75.404    75.419 11 55327.79426850 41.668
  69 310.681685  -5.143338    75.614    75.745 11 55337.70991343 27.891
  70 310.682074  -5.145247    75.438    75.542 10 55347.62555724 34.029
  71 310.681981  -5.148081    74.246    74.125 10 55357.54119914 40.013
  72 310.681995  -5.147895    73.222    73.215 10 55367.45683940 39.934
  73 310.682602  -5.146565    72.866    72.855 10 55377.37247831 47.486
  74 310.682625  -5.150514    72.234    72.234  9 55387.28811503 53.206
  75 310.683845  -5.154947    73.386    73.791  9 55397.20375081 40.860
  76 310.683992  -5.160512    70.472    70.472  7 55407.11939219 54.029
  77 310.684122  -5.154357    69.776    69.777  9 55417.03504411 49.962
  78 310.682460  -5.150227    68.953    68.994  9 55426.95069221 37.740
  79 310.681888  -5.143571    69.122    68.649 10 55436.86633854 33.502
  80 310.681040  -5.140878    68.726    68.246 12 55446.78198307 34.872
  81 310.681660  -5.138926    67.976    67.978 12 55456.69762727 46.169
  82 310.681625  -5.142957    69.504    68.586 11 55466.61326953 31.364
  83 310.682322  -5.147658    70.432    68.590  9 55476.52890851 29.514
  84 310.682911  -5.151546    71.254    69.291  9 55486.44454437 27.615
  85 310.683227  -5.153557    69.395    69.385  9 55496.36017818 46.785
  86 310.683857  -5.153923    69.796    69.839  8 55506.27581355 50.065
  87 310.683257  -5.149290    69.582    69.594  9 55516.19146476 47.658
  88 310.682792  -5.149456    70.418    70.452  9 55526.10711412 43.729
  89 310.682323  -5.148850    71.069    71.056  9 55536.02276168 47.508
  90 310.682234  -5.144501    75.190    75.245 10 55545.93840813 14.175
  91 310.681699  -5.139839    71.971    71.992 12 55555.85405298 46.263
  92 310.681371  -5.137824    71.857    71.870 13 55565.76969665 48.376
  93 310.681835  -5.140627    73.158    73.172 12 55575.68533882 38.083
  94 310.681957  -5.146791    76.261    76.056 10 55585.60097855 23.799
  95 310.682563  -5.151608    74.815    74.784  9 55595.51661518 42.237
  96 310.683610  -5.152212    75.325    75.290  9 55605.43224929 52.708
  97 310.683862  -5.155103    76.930    76.930  9 55615.34788043 44.143
  98 310.683809  -5.155088    78.390    78.329  9 55625.26352063 32.030
  99 310.683272  -5.150746    78.543    78.566  9 55635.17917322 46.541
 100 310.683141  -5.149052    77.965    77.942  8 55645.09482316 55.630
 101 310.682462  -5.149603    78.211    78.236  9 55655.01046985 43.851
 102 310.682645  -5.147462    78.359    78.345 10 55664.92611280 52.448
 103 310.681739  -5.147499    78.109    78.083 10 55674.84175248 50.097
 104 310.682174  -5.146407    77.684    77.714  9 55684.75739112 30.384
 105 310.682913  -5.150482    77.243    77.246  9 55694.67302753 49.951
 106 310.684236  -5.157782    76.621    76.613  8 55704.58866198 48.706
 107 310.684150  -5.158020    75.069    75.088  8 55714.50430877 48.380
 108 310.683084  -5.152982    74.208    74.206  9 55724.41995855 51.434
 109 310.682142  -5.147524    73.509    73.550 10 55734.33560628 49.144
 110 310.682095  -5.143433    73.175    73.173 11 55744.25125237 47.118
 111 310.682101  -5.144189    73.084    73.115 11 55754.16689595 41.352
 112 310.682551  -5.148995    73.048    72.966  9 55764.08253646 48.329
 113 310.683576  -5.151677    71.983    71.998  9 55773.99817478 43.692
 114 310.683940  -5.152776    71.829    71.574  9 55783.91381026 39.974
 115 310.683889  -5.155673    71.818    70.784  9 55793.82944327 39.366
 116 310.684016  -5.159302    73.449    73.653  7 55803.74507932 26.558
 117 310.683966  -5.155624    71.575    72.074  8 55813.66073021 35.553
 118 310.683713  -5.155567    72.903    73.286  8 55823.57637838 28.491
 119 310.684016  -5.155436    73.741    73.614  8 55833.49202184 25.039
 120 310.684316  -5.155442    72.876    73.245  8 55843.40766094 27.702
 121 310.683965  -5.158182    69.804    69.816  7 55853.32329615 51.856
 122 310.684287  -5.159989    70.032    70.053  6 55863.23893194 54.177
 123 310.683748  -5.151897    70.870    70.820  9 55873.15458732 51.376
 133 310.682084  -5.142903    77.350    77.331 11 55972.31102877 38.906
 134 310.682452  -5.148730    78.166    78.175  9 55982.22666327 44.195
 135 310.684111  -5.156836    77.522    77.604  8 55992.14229579 31.670
 136 310.684095  -5.156443    77.207    77.204  7 56002.05794293 31.139
 137 310.683440  -5.151163    77.584    77.599  9 56011.97359344 31.317
 139 310.681993  -5.142825    76.252    76.198 11 56031.80488458 28.791
 141 310.682476  -5.147505    75.503    75.371  9 56051.63616435 35.846
 142 310.683629  -5.153437    75.844    75.711  8 56061.55179953 28.657
 143 310.684057  -5.158479    76.241    76.270  8 56071.46743722 26.930
 144 310.683219  -5.151773    76.124    76.060  9 56081.38308877 24.160
 145 310.682186  -5.147734    74.015    73.997 10 56091.29873693 46.693
 146 310.682019  -5.146413    75.329    75.383 10 56101.21438213 29.830
 147 310.682317  -5.147445    73.206    73.228  9 56111.13001266 48.332
 148 310.683070  -5.150872    72.234    72.251  9 56121.04565102 47.607
 149 310.683992  -5.155700    71.043    70.986  8 56130.96128556 47.576
 150 310.684050  -5.160354    71.029    70.344  7 56140.87691892 42.076
 151 310.682951  -5.152779    69.625    69.423  9 56150.79257151 40.178
 152 310.682505  -5.149077    68.837    68.735  9 56160.70822172 34.942
 153 310.682591  -5.148709    68.976    68.955  9 56170.62386969 30.978
 154 310.683039  -5.149368    71.645    72.244  9 56180.53951345 27.171
 155 310.682482  -5.151687    69.858    69.182  9 56190.45515267 34.046
 156 310.683349  -5.149866    69.221    69.222  9 56200.37078978 44.296
 157 310.683652  -5.154762    69.209    69.227  9 56210.28642284 49.267
 158 310.684489  -5.163120    69.384    69.381  5 56220.20205327 39.438
 159 310.684180  -5.161098    69.990    70.001  6 56230.11770332 53.543
 160 310.684078  -5.154790    69.314    69.304  8 56240.03335766 49.648
 161 310.682535  -5.151996    70.302    70.279  9 56249.94900746 45.106
 162 310.682622  -5.148158    70.953    70.963 10 56259.86465303 39.066
 163 310.682267  -5.148694    75.693    75.487 10 56269.78029532 27.530
 164 310.683021  -5.148616    83.854    86.417  9 56279.69593620 19.616
 165 310.682060  -5.145457    75.986    73.911 10 56289.61158847 27.014
 166 310.681826  -5.141646    74.759    72.921 11 56299.52723811 26.036
 167 310.681565  -5.139128    71.982    72.153 12 56309.44288329 41.877
 168 310.681119  -5.138814    74.058    74.056 12 56319.35852531 47.810
 169 310.681424  -5.139116    75.491    75.474 13 56329.27416602 54.165
 170 310.682050  -5.143756    75.659    75.661 11 56339.18980489 54.409
 171 310.682806  -5.152252    75.359    75.491  9 56349.10544088 27.980
 172 310.684183  -5.157738    75.550    75.575  7 56359.02107517 44.392
 173 310.682767  -5.150322    76.103    76.088  9 56368.93672692 52.930
 175 310.680956  -5.139088    77.592    77.603 13 56388.76802241 36.329
 176 310.681186  -5.142021    76.818    76.773 12 56398.68366550 30.062
 177 310.682205  -5.146295    77.390    77.411 10 56408.59930583 52.181
 178 310.683257  -5.151463    77.067    77.007  9 56418.51494158 31.229
 179 310.684077  -5.157610    76.565    76.544  7 56428.43057323 55.104
 180 310.682411  -5.148400    75.612    75.629  9 56438.34622841 31.085
 181 310.681698  -5.141771    74.347    74.349 12 56448.26188035 49.109
 182 310.681088  -5.141906    73.985    73.946 12 56458.17752869 45.972
 183 310.681341  -5.141991    74.118    74.071 12 56468.09317385 43.695
 184 310.681608  -5.143494    74.283    74.287 11 56478.00881476 50.744
 185 310.681751  -5.146613    75.134    75.096 10 56487.92445172 27.559
 187 310.684051  -5.154093    75.172    75.448  8 56507.75572009 26.611
 188 310.684147  -5.163006    73.005    73.173  6 56517.67135627 28.555
 189 310.684028  -5.157348    73.864    73.953  8 56527.58701204 31.433
 190 310.683625  -5.153314    73.962    73.670  9 56537.50266314 31.219
 192 310.681866  -5.143201    70.330    70.890 11 56557.33395460 41.924
 193 310.681400  -5.143677    68.480    68.447 11 56567.24959668 46.241
 194 310.682207  -5.147658    68.450    68.419 10 56577.16523685 45.195
 195 310.683930  -5.154923    69.158    69.171  9 56587.08087301 50.485
 196 310.684309  -5.160189    69.218    69.195  6 56596.99651222 53.521
 197 310.683006  -5.152166    70.098    70.079  9 56606.91216571 37.179
 198 310.681961  -5.146156    69.955    69.953 10 56616.82781416 39.132
 199 310.682027  -5.143977    70.299    70.299 10 56626.74345872 41.598
 200 310.682535  -5.146581    70.808    70.850 10 56636.65909963 46.172
 201 310.682785  -5.152327    71.359    71.360  9 56646.57473997 53.274
 202 310.681731  -5.147184    75.690    75.634 10 56656.49039369 23.833
 203 310.681489  -5.140717    74.432    74.423 12 56666.40604318 48.160
 205 310.681090  -5.138659    74.800    74.777 12 56686.23733264 55.376
 206 310.682057  -5.142131    76.234    76.256 11 56696.15297381 26.767
 207 310.683006  -5.150582    76.808    76.827  9 56706.06860943 48.643
 208 310.683957  -5.158418    77.936    77.896  7 56715.98424063 54.196
 209 310.682385  -5.147625    78.765    78.758 10 56725.89989609 45.026
 211 310.680939  -5.134645    77.474    77.470 14 56745.73119465 30.516
 212 310.681086  -5.141317    77.558    77.546 12 56755.64683538 38.219
 213 310.682426  -5.151705    77.560    77.623  9 56765.56246971 32.048
 214 310.683526  -5.154375    77.328    77.338  9 56775.47810859 51.166
 215 310.681834  -5.143549    76.481    76.456 11 56785.39376709 43.651
 216 310.680229  -5.134097    75.670    75.670 15 56795.30942144 53.100
 217 310.679983  -5.128406    74.983    74.985 12 56805.22507094 43.856
 219 310.681671  -5.139084    74.284    74.275 12 56825.05634855 51.378
 220 310.682612  -5.146274    74.291    74.271 10 56834.97198159 50.943
 221 310.684031  -5.152256    75.152    75.348  9 56844.88761184 28.532
 222 310.683238  -5.151358    75.189    75.227  9 56854.80325747 26.387
 223 310.682086  -5.146511    75.802    76.060 10 56864.71891225 21.205
 224 310.681752  -5.142409    74.532    73.760 12 56874.63456623 26.779
 225 310.681206  -5.140832    74.823    75.411 12 56884.55021650 26.188
 226 310.681096  -5.138588    74.592    74.002 12 56894.46586374 24.449
 227 310.680763  -5.135447    69.220    69.198 14 56904.38150771 46.658
 228 310.680167  -5.133771    69.142    69.077 15 56914.29714910 45.881
 229 310.680717  -5.136111    68.369    68.374 14 56924.21278789 49.468
 230 310.681880  -5.144521    68.479    68.475 11 56934.12842291 45.594
 231 310.684307  -5.155209    69.344    69.334  8 56944.04405236 53.105
 232 310.683961  -5.155390    68.946    68.925  8 56953.95970008 39.013
 233 310.682475  -5.149362    69.132    69.137 10 56963.87535148 43.886
 234 310.681783  -5.143503    70.411    70.960 11 56973.79099846 32.340
 235 310.681614  -5.144175    70.251    70.230 11 56983.70663996 42.424
 236 310.683176  -5.149440    70.323    69.864  9 56993.62227583 37.255
 237 310.683975  -5.157325    70.943    70.944  7 57003.53791234 44.494
 238 310.682338  -5.150520    73.835    74.546  9 57013.45357049 25.960
 239 310.681785  -5.142833    73.697    73.508 11 57023.36922333 27.093
 240 310.681154  -5.139688    71.779    71.775 13 57033.28487237 55.233
 241 310.681562  -5.139311    72.528    72.536 12 57043.20051846 52.787
 242 310.682138  -5.141873    73.209    73.172 11 57053.11616158 54.937
 243 310.682346  -5.147794    73.824    73.586 10 57063.03179952 32.656
 244 310.683115  -5.152507    73.169    73.638  9 57072.94743275 31.595
 245 310.684058  -5.158042    74.700    74.490  8 57082.86306228 40.695
 246 310.683628  -5.152715    75.870    75.882  8 57092.77871145 25.736
 247 310.682054  -5.145054    75.135    75.073 11 57102.69437032 44.961
 248 310.681817  -5.141221    76.637    76.705 11 57112.61002476 28.120
 249 310.681824  -5.142467    76.336    76.308 11 57122.52567214 29.720
 250 310.681501  -5.144443    76.348    76.325 11 57132.44131358 30.869
